[4.40763092e+01 5.47467407e+00 8.55152062e-01 2.42183732e-01
 5.67173238e-02 3.50991862e-02 2.40138373e-02 1.27340841e-02
 9.33135663e-03 3.69344174e-03 3.41034201e-03 2.08090594e-03
 1.61534410e-03 1.32550633e-03 1.14865408e-03 1.13022213e-03
 8.84763986e-04 8.27014150e-04 7.81238485e-04 6.75637432e-04
 5.68978031e-04 5.56514475e-04 5.11093472e-04 4.82395342e-04
 4.44918154e-04 4.08457075e-04 3.76253810e-04 3.49426187e-04
 3.34073414e-04 2.87503224e-04 2.81810830e-04 2.67848618e-04
 2.52636790e-04 2.39143978e-04 2.17471333e-04 2.09788812e-04
 2.00170360e-04 1.85569611e-04 1.80350576e-04 1.62765090e-04
 1.54161878e-04 1.52972295e-04 1.49052163e-04 1.42014777e-04
 1.31573149e-04 1.18464974e-04 1.16181713e-04 1.07297576e-04
 1.03175045e-04 1.00470407e-04 9.59309039e-05 8.99672455e-05
 8.68308163e-05 8.53561765e-05 8.07232025e-05 7.79815912e-05
 7.65361095e-05 7.22283491e-05 6.86191170e-05 6.64424205e-05
 6.51519185e-05 5.94603385e-05 5.77007825e-05 5.40800611e-05
 4.99063880e-05 4.85606568e-05 4.62323849e-05 4.41578802e-05
 4.23804200e-05 4.15132836e-05 3.80336076e-05 3.70392050e-05
 3.59933102e-05 3.57056683e-05 3.33904216e-05 3.11296278e-05
 3.08278797e-05 2.93752181e-05 2.91220439e-05 2.72180498e-05
 2.62660638e-05 2.52428644e-05 2.41183314e-05 2.36950166e-05
 2.21882192e-05 2.09465455e-05 2.08174987e-05 2.06113882e-05
 2.00967743e-05 1.90762683e-05 1.85075846e-05 1.70970420e-05
 1.68628177e-05 1.62085921e-05 1.56249287e-05 1.49185752e-05
 1.41020191e-05 1.38767045e-05 1.36380206e-05 1.34015624e-05
 1.26683566e-05 1.25308702e-05 1.21980993e-05 1.18189595e-05
 1.07656073e-05 1.05699053e-05 9.46252475e-06 9.36529976e-06
 9.06561029e-06 8.67514129e-06 8.50042208e-06 8.47083196e-06
 8.15483286e-06 7.80051189e-06 7.36299771e-06 7.02450460e-06
 6.90106182e-06 6.79089547e-06 6.48559801e-06 6.21334561e-06
 5.94779941e-06 5.89865568e-06 5.64972619e-06 5.46900673e-06
 5.18384214e-06 5.01164781e-06 4.85810653e-06 4.81790418e-06
 4.64620082e-06 4.42924295e-06 4.29775413e-06 4.18986880e-06
 4.08100508e-06 4.01403996e-06 3.77432271e-06 3.71959940e-06
 3.59674502e-06 3.45957713e-06 3.37332235e-06 3.11851954e-06
 3.04605207e-06 2.93380550e-06 2.78227802e-06 2.75905519e-06
 2.65555896e-06 2.53251789e-06 2.52040584e-06 2.46974453e-06
 2.37310606e-06 2.29160542e-06 2.20977704e-06 2.13598374e-06
 2.00941732e-06 1.95089113e-06 1.93061839e-06 1.87064977e-06
 1.81336580e-06 1.76583578e-06 1.69552630e-06 1.62572443e-06
 1.60726386e-06 1.55055022e-06 1.52119416e-06 1.45246891e-06
 1.44076716e-06 1.39327291e-06 1.37898522e-06 1.27098680e-06
 1.19348480e-06 1.14605428e-06 1.11407369e-06 1.06979872e-06
 1.05593891e-06 9.96380844e-07 9.68113548e-07 9.41789955e-07
 8.96012800e-07 8.68983149e-07 8.36140880e-07 8.07321149e-07
 7.68833979e-07 7.52064036e-07 7.18636563e-07 7.04280883e-07
 6.88386110e-07 6.59076673e-07 6.35526781e-07 5.88029882e-07
 5.69705363e-07 5.50131294e-07 5.32807437e-07 5.13895818e-07
 4.94003290e-07 4.87171982e-07 4.67543702e-07 4.43702367e-07
 4.35414057e-07 4.17199318e-07 4.06948901e-07 3.99476640e-07
 3.76265506e-07 3.58004315e-07 3.35827068e-07 3.24730861e-07
 3.17484269e-07 3.00673165e-07 2.93597736e-07 2.65666445e-07
 2.57104194e-07 2.48015536e-07 2.34019973e-07 2.31046218e-07
 2.23914652e-07 2.13085179e-07 2.10013898e-07 2.06292032e-07
 1.98300011e-07 1.95407968e-07 1.76634690e-07 1.69605615e-07
 1.62150119e-07 1.55344732e-07 1.50179516e-07 1.41961731e-07
 1.39454557e-07 1.36259128e-07 1.23475323e-07 1.20534470e-07
 1.19195235e-07 1.12847101e-07 1.02263156e-07 1.01339398e-07
 9.76537260e-08 8.78542382e-08 8.54005604e-08 7.49445714e-08
 7.02109019e-08 6.58205528e-08 6.24697969e-08 6.22239988e-08
 5.76128375e-08 4.84080311e-08 4.75029847e-08 4.68118568e-08
 4.39992293e-08 4.17599223e-08 4.11818909e-08 3.82900510e-08
 3.53278938e-08 3.17896778e-08 3.08596411e-08 2.86152216e-08
 2.43706403e-08 2.31576575e-08 1.97749147e-08 1.80506081e-08]
